.Random.seed <-
c(403L, 10L, 1831750308L, 197629543L, -810154051L, -1586472652L, 
918182554L, 628201701L, 2138786431L, -723463162L, -917502064L, 
81283635L, 1879548369L, 1914094464L, -1785323938L, -588470871L, 
1845240923L, 1592032362L, -549001972L, 930555727L, 1923798021L, 
-957158724L, 365779858L, -138667891L, -1383784761L, 1194948526L, 
-19275256L, 1485653515L, 1991610089L, 925567416L, 1461937766L, 
1415013121L, 161588627L, -1762591166L, -875150860L, 676338679L, 
-966254611L, 991045764L, -1659515222L, -199597035L, 1294955695L, 
-558892362L, -176473888L, 1503806499L, -1041204415L, 2055431728L, 
-660917170L, -453813063L, -1557063477L, 398353786L, -1774299012L, 
1080667327L, -2028738155L, 497639852L, -1496706174L, 2077972829L, 
-1016244137L, -1289875650L, 724776824L, -612869029L, -507311175L, 
1605401096L, 200466614L, 621025265L, -1510817245L, -1054250382L, 
-1246170940L, -1967417721L, 602213981L, -1088327596L, -1874455942L, 
677784005L, -1636902113L, 1029822118L, -1162262480L, -138208557L, 
-1157730063L, 1556315168L, 600173246L, -724476215L, -1259783045L, 
-761130422L, -1899157844L, -625401425L, 573294949L, -540453092L, 
405789554L, -852920339L, -1761740761L, 2083061838L, -1027087192L, 
1063422635L, 921419721L, -838298664L, -1040665978L, 1338631009L, 
1844864755L, -1186326174L, 1567205332L, -357952809L, 107657421L, 
742936676L, 1973894730L, -95835211L, 1241208591L, -344906730L, 
1537199808L, 1137760387L, -1359924063L, -1765139824L, -1673295506L, 
-314382567L, -1654678613L, 1033447834L, 1992273244L, -1054964641L, 
-882262987L, -1854068788L, 1308521250L, -102126211L, -1930740105L, 
-1273370722L, 66782808L, 521744315L, -512196263L, -2085045528L, 
-1524841706L, 950617233L, -1565353661L, -274615214L, 1311016676L, 
-1021099737L, 2055680381L, -540297100L, 709327450L, -852257115L, 
-517749569L, 795678534L, -108800560L, 1290504179L, -2122891503L, 
-679231680L, -127039714L, 830781417L, -1830085349L, -1221150934L, 
-1477588916L, -1630420977L, 184388421L, 81632508L, -673141934L, 
-2027623219L, 1698352263L, -1330374802L, 2048518472L, -998879925L, 
-1305702231L, 338940408L, -1476976346L, 2129609281L, 220949459L, 
-424535678L, -1219580492L, -788465353L, -2001343443L, -510240444L, 
218926698L, 538437845L, 869467759L, 1929827190L, -1569848160L, 
189963619L, 775892481L, 1882385776L, 1970367758L, 1102524281L, 
-1133949173L, -1994813382L, -2139152580L, 710941823L, 666316757L, 
615088620L, 407155522L, -1080681315L, -2002672361L, 1978686590L, 
841561144L, 270947099L, -474851207L, -1031274296L, 216369398L, 
-290629327L, -583798429L, -405609678L, 1039559812L, 490903751L, 
-1431551075L, 751560468L, 925932986L, 1423293445L, -976580129L, 
1008866406L, 905425904L, 18124051L, 888386225L, 57204064L, 110940926L, 
2048118409L, 657848763L, 1893917578L, -926561684L, 1002046447L, 
1483254821L, 991409372L, 2076805810L, -165909075L, -1815678617L, 
800165518L, -1380968600L, 1040797547L, -264496887L, -1734242408L, 
1011201734L, -1807219679L, 607703219L, -2080863710L, -1178760172L, 
460284055L, 1959776909L, 502947876L, -666784200L, -1239133478L, 
1704163216L, 1032844540L, -1639645804L, 444019522L, 1267354112L, 
-1903556548L, -1312378288L, 138539170L, -1728355512L, -1782543860L, 
986381020L, 126890066L, -831173504L, -454752428L, -647155736L, 
2004779770L, 361350992L, 252617772L, 203086196L, -1089270126L, 
-815422880L, -267276148L, -728026784L, 936057058L, -1742467928L, 
1226098380L, -1425958404L, 1153842098L, 316277744L, -738045500L, 
-527708840L, -293265030L, -224046672L, -304813636L, 1840037460L, 
1672255938L, 1736958752L, -1183648836L, -1372753840L, -383845406L, 
-945578136L, -1860339892L, 1226256124L, -1994049806L, -1475592960L, 
-65246092L, -143585784L, -2128255558L, -832932400L, -1857505300L, 
-659117164L, -353711918L, 511493216L, 909692236L, 437195552L, 
-2319742L, -866483736L, 1270160364L, -523403716L, -1650358670L, 
1096223600L, -1961673436L, 626727480L, 478982554L, 1075539408L, 
-2030312004L, -501944684L, -1763925374L, -455328320L, -668657860L, 
702288528L, -536529118L, -1602554360L, 1244111628L, 1551688604L, 
-460366830L, 1055075200L, -31229164L, 1693119784L, 780898362L, 
1553040336L, 329742956L, 1502891060L, -343158638L, -2059044512L, 
-634413748L, -598469152L, 1293982626L, 1106295720L, -1360913268L, 
-1745046596L, 1863935090L, 524560368L, 112116804L, 1911269464L, 
1379491898L, -681531280L, 1979653692L, 65857300L, 1952402114L, 
1036374752L, 1960969340L, -1357214512L, -104229982L, 270093864L, 
-1907023604L, 2136573884L, -307154638L, -588187456L, 1338765876L, 
308714184L, -936115526L, 2067287184L, 687834860L, 1362777684L, 
-1752766830L, 1322125088L, 582145996L, -12269344L, -1221210430L, 
1111397416L, -481854548L, -651187524L, -2123087374L, 558138928L, 
901142436L, 542777784L, 1584446298L, 816288912L, 1828510588L, 
1487920916L, -62448318L, -1263218944L, -182854724L, -1385808048L, 
-1929010910L, 1720666696L, -1331505140L, -596046756L, -1210969646L, 
1864398336L, -2066878124L, 2064810216L, 809971962L, -486201648L, 
-1074132692L, 71227636L, 1933602194L, 1925884256L, 1896212492L, 
1337952992L, -44137886L, -1323091288L, -1874838964L, -494360708L, 
441298226L, 66913904L, -281756860L, 735496152L, -1676329094L, 
2051362352L, 337180604L, -1602996652L, 231974978L, -140599136L, 
-340578628L, -1728050736L, 1632240482L, -390331672L, 1607008460L, 
-1715789316L, -256325134L, 1049467520L, -1021118988L, -763263352L, 
246710074L, -1374436528L, 1455035500L, 822712724L, -1895226286L, 
-1656886816L, 1398947020L, -2007995232L, -860408446L, 1080647912L, 
1178427116L, 1060711740L, -1117176718L, 753614960L, 522147876L, 
-2059310024L, -2043152614L, -1599980336L, 1270757180L, -357541996L, 
-1102509182L, -1799556672L, 1489284668L, -266205808L, 805299746L, 
-2015470328L, 752944780L, -572156132L, 712106130L, -2079168128L, 
-1386430956L, -101257432L, 1928057402L, -1798466096L, 1377012076L, 
1991345076L, -1647998958L, -372175392L, -1988952116L, -1719050016L, 
-756058078L, 33014056L, 556359180L, 227680060L, 588659698L, 389384944L, 
-1192122812L, -803986856L, 687603514L, -316459408L, -736649970L, 
469377595L, 308996381L, -1158063158L, -1396501272L, -1001207855L, 
1536055747L, 1267008196L, -519233166L, -841561017L, -1964531695L, 
914672022L, 838085876L, -1765734779L, -806219825L, 652697288L, 
-944400538L, -1022440045L, 1528712949L, -50491694L, 7698720L, 
1723865353L, -238924229L, 919266188L, -1216060902L, -468802929L, 
-1035260455L, -1589775762L, -1156619780L, -883289235L, 711736599L, 
1728313568L, -1726161218L, 711855243L, -372511987L, 1698200378L, 
644559736L, -1534631647L, 313493971L, 1774500084L, -765404798L, 
1437920279L, -1958470943L, 1419977766L, 581771556L, 1451827669L, 
-27878017L, 1143153688L, -581448906L, 1717816771L, -97860603L, 
1633370018L, -578053232L, 1318182713L, 1647561707L, -241894180L, 
1066599690L, 127126527L, -1560416695L, -1629668386L, -1051663476L, 
1296040797L, 1010492263L, 1073252496L, 774264494L, -649333925L, 
1408598845L, 412551594L, -1026890168L, 1858623089L, -1818662941L, 
588403428L, 1215040018L, 986299879L, -716527183L, -1082318858L, 
1745601044L, 1277570341L, 162184751L, 2132675560L, 2031803590L, 
-488404621L, 1812689365L, -1228094030L, 1803803520L, 365952873L, 
-1093553189L, 202111788L, -1730468550L, -925426705L, 1603497593L, 
1249147150L, -375871268L, -1862525107L, 1424166583L, -459416512L, 
1860138270L, -1025085461L, -1025076371L, -462593574L, 1281080216L, 
-1354513919L, 350434227L, -1559489836L, -1534831646L, 503408247L, 
1486495681L, 426245446L, 935038084L, 1450529333L, -1001334241L, 
-366772872L, 1879473238L, 1221591267L, 18482853L, -1533531326L, 
2060484912L, 1642912089L, 1284184779L, -1972206788L, -1965003926L, 
445876639L, 135184425L, 179804862L, -35529812L, 1046653181L, 
1273660487L, -1454251216L, 129229902L, -1672542085L, 1793526749L, 
-1730735606L, 1955616552L, 340298129L, -147992701L, 1260283012L, 
